0.0    0    1    1    0    0
1.0    0    1    1    0    0
2.0    0    1    1    0    0
3.0    0    1    1    0    0
4.0    0    1    1    0    0
5.0    0    1    1    0    0
6.0    0    1    1    0    0
7.0    0    1    1    0    0
8.0    0    1    1    0    0
9.0    0    1    1    0    0
1.0e1    1    1    0    0    0
1.1e1    1    1    0    0    0
1.2e1    1    1    0    0    0
1.3e1    1    1    0    0    0
1.4e1    1    1    0    0    0
1.5e1    1    1    0    0    0
1.6e1    1    1    0    0    0
1.7e1    1    1    0    0    0
1.8e1    1    1    0    0    0
1.9e1    1    1    0    0    0
2.0e1    0    1    0    0    0
2.1e1    0    1    0    0    0
2.2e1    0    1    0    0    0
2.3e1    0    1    0    0    0
2.4e1    0    1    0    0    0
2.5e1    0    1    0    0    0
2.6e1    0    1    0    0    0
2.7e1    0    1    0    0    0
2.8e1    0    1    0    0    0
2.9e1    0    1    0    0    0
3.0e1    1    1    0    0    0
3.1e1    1    1    0    0    0
3.2e1    1    1    0    0    0
3.3e1    1    1    0    0    0
3.4e1    1    1    0    0    0
3.5e1    1    0    0    0    0
3.6e1    1    0    0    0    0
3.7e1    1    0    0    0    0
3.8e1    1    0    0    0    0
3.9e1    1    0    0    0    0
4.0e1    0    0    0    0    0
4.1e1    0    0    0    0    0
4.2e1    0    0    0    0    0
4.3e1    0    0    0    0    0
4.4e1    0    0    0    0    0
4.5e1    0    0    0    0    0
4.6e1    0    0    0    0    0
4.7e1    0    0    0    0    0
4.8e1    0    0    0    0    0
4.9e1    0    0    0    0    0
5.0e1    1    0    0    1    0
5.1e1    1    0    0    1    0
5.2e1    1    0    0    1    0
5.3e1    1    0    0    1    0
5.4e1    1    0    0    1    0
5.5e1    1    0    0    1    0
5.6e1    1    0    0    1    0
5.7e1    1    0    0    1    0
5.8e1    1    0    0    1    0
5.9e1    1    0    0    1    0
6.0e1    0    0    0    1    0
6.1e1    0    0    0    1    0
6.2e1    0    0    0    1    0
6.3e1    0    0    0    1    0
6.4e1    0    0    0    1    0
6.5e1    0    0    0    1    0
6.6e1    0    0    0    1    0
6.7e1    0    0    0    1    0
6.8e1    0    0    0    1    0
6.9e1    0    0    0    1    0
7.0e1    1    0    1    0    0
7.1e1    1    0    1    0    0
7.2e1    1    0    1    0    0
7.3e1    1    0    1    0    0
7.4e1    1    0    1    0    0
7.5e1    1    0    1    0    0
7.6e1    1    0    1    0    0
7.7e1    1    0    1    0    0
7.8e1    1    0    1    0    0
7.9e1    1    0    1    0    0
8.0e1    0    0    1    0    0
8.1e1    0    0    1    0    0
8.2e1    0    0    1    0    0
8.3e1    0    0    1    0    0
8.4e1    0    0    1    0    0
8.5e1    0    0    1    0    0
8.6e1    0    0    1    0    0
8.7e1    0    0    1    0    0
8.8e1    0    0    1    0    0
8.9e1    0    0    1    0    0
9.0e1    1    0    1    0    1
9.1e1    1    0    1    0    1
9.2e1    1    0    1    0    1
9.3e1    1    0    1    0    1
9.4e1    1    0    1    0    1
9.5e1    1    0    1    0    1
9.6e1    1    0    1    0    1
9.7e1    1    0    1    0    1
9.8e1    1    0    1    0    1
9.9e1    1    0    1    0    1
1.0e2    0    0    1    0    1
1.01e2    0    0    1    0    1
1.02e2    0    0    1    0    1
1.03e2    0    0    1    0    1
1.04e2    0    0    1    0    1
1.05e2    0    0    1    0    1
1.06e2    0    0    1    0    1
1.07e2    0    0    1    0    1
1.08e2    0    0    1    0    1
1.09e2    0    0    1    0    1
1.1e2    1    0    0    0    0
1.11e2    1    0    0    0    0
1.12e2    1    0    0    0    0
1.13e2    1    0    0    0    0
1.14e2    1    0    0    0    0
1.15e2    1    0    0    0    0
1.16e2    1    0    0    0    0
1.17e2    1    0    0    0    0
1.18e2    1    0    0    0    0
1.19e2    1    0    0    0    0
1.2e2    0    0    0    0    0
1.21e2    0    0    0    0    0
1.22e2    0    0    0    0    0
1.23e2    0    0    0    0    0
1.24e2    0    0    0    0    0
1.25e2    0    0    0    0    0
1.26e2    0    0    0    0    0
1.27e2    0    0    0    0    0
1.28e2    0    0    0    0    0
1.29e2    0    0    0    0    0
1.3e2    1    0    0    1    0
1.31e2    1    0    0    1    0
1.32e2    1    0    0    1    0
1.33e2    1    0    0    1    0
1.34e2    1    0    0    1    0
1.35e2    1    0    0    1    0
1.36e2    1    0    0    1    0
1.37e2    1    0    0    1    0
1.38e2    1    0    0    1    0
1.39e2    1    0    0    1    0
1.4e2    0    0    0    1    0
1.41e2    0    0    0    1    0
1.42e2    0    0    0    1    0
1.43e2    0    0    0    1    0
1.44e2    0    0    0    1    0
1.45e2    0    0    0    1    0
1.46e2    0    0    0    1    0
1.47e2    0    0    0    1    0
1.48e2    0    0    0    1    0
1.49e2    0    0    0    1    0
1.5e2    1    0    1    0    0
1.51e2    1    0    1    0    0
1.52e2    1    0    1    0    0
1.53e2    1    0    1    0    0
1.54e2    1    0    1    0    0
1.55e2    1    0    1    0    0
1.56e2    1    0    1    0    0
1.57e2    1    0    1    0    0
1.58e2    1    0    1    0    0
1.59e2    1    0    1    0    0
1.6e2    0    0    1    0    0
1.61e2    0    0    1    0    0
1.62e2    0    0    1    0    0
1.63e2    0    0    1    0    0
1.64e2    0    0    1    0    0
1.65e2    0    0    1    0    0
1.66e2    0    0    1    0    0
1.67e2    0    0    1    0    0
1.68e2    0    0    1    0    0
1.69e2    0    0    1    0    0
1.7e2    1    0    1    0    1
1.71e2    1    0    1    0    1
1.72e2    1    0    1    0    1
1.73e2    1    0    1    0    1
1.74e2    1    0    1    0    1
1.75e2    1    0    1    0    1
1.76e2    1    0    1    0    1
1.77e2    1    0    1    0    1
1.78e2    1    0    1    0    1
1.79e2    1    0    1    0    1
1.8e2    0    0    1    0    1
1.81e2    0    0    1    0    1
1.82e2    0    0    1    0    1
1.83e2    0    0    1    0    1
1.84e2    0    0    1    0    1
1.85e2    0    0    1    0    1
1.86e2    0    0    1    0    1
1.87e2    0    0    1    0    1
1.88e2    0    0    1    0    1
1.89e2    0    0    1    0    1
1.9e2    1    0    0    0    0
1.91e2    1    0    0    0    0
1.92e2    1    0    0    0    0
1.93e2    1    0    0    0    0
1.94e2    1    0    0    0    0
1.95e2    1    0    0    0    0
1.96e2    1    0    0    0    0
1.97e2    1    0    0    0    0
1.98e2    1    0    0    0    0
1.99e2    1    0    0    0    0
